1.000000000000000000e+00,6.000000000000000000e+00
1.000000000000000000e+00,1.270000000000000000e+02
1.000000000000000000e+00,1.000000000000000000e+02
1.000000000000000000e+00,1.010000000000000000e+02
1.000000000000000000e+00,1.130000000000000000e+02
1.000000000000000000e+00,1.180000000000000000e+02
1.000000000000000000e+00,1.120000000000000000e+02
1.000000000000000000e+00,9.600000000000000000e+01
1.000000000000000000e+00,1.210000000000000000e+02
1.000000000000000000e+00,9.700000000000000000e+01
1.000000000000000000e+00,9.800000000000000000e+01
1.000000000000000000e+00,1.050000000000000000e+02
1.000000000000000000e+00,9.500000000000000000e+01
1.000000000000000000e+00,8.900000000000000000e+01
1.000000000000000000e+00,9.100000000000000000e+01
1.000000000000000000e+00,1.020000000000000000e+02
1.000000000000000000e+00,1.120000000000000000e+02
1.000000000000000000e+00,1.200000000000000000e+02
1.000000000000000000e+00,1.150000000000000000e+02
1.000000000000000000e+00,1.080000000000000000e+02
1.000000000000000000e+00,1.160000000000000000e+02
1.000000000000000000e+00,1.260000000000000000e+02
1.000000000000000000e+00,1.020000000000000000e+02
1.000000000000000000e+00,1.010000000000000000e+02
1.000000000000000000e+00,9.500000000000000000e+01
1.000000000000000000e+00,9.600000000000000000e+01
1.000000000000000000e+00,1.240000000000000000e+02
1.000000000000000000e+00,9.300000000000000000e+01
1.000000000000000000e+00,9.400000000000000000e+01
1.000000000000000000e+00,1.070000000000000000e+02
1.000000000000000000e+00,9.600000000000000000e+01
1.000000000000000000e+00,1.010000000000000000e+02
1.000000000000000000e+00,1.060000000000000000e+02
1.000000000000000000e+00,1.040000000000000000e+02
1.000000000000000000e+00,1.320000000000000000e+02
1.000000000000000000e+00,1.100000000000000000e+02
1.000000000000000000e+00,1.000000000000000000e+02
1.000000000000000000e+00,1.100000000000000000e+02
1.000000000000000000e+00,9.800000000000000000e+01
1.000000000000000000e+00,9.800000000000000000e+01
1.000000000000000000e+00,1.280000000000000000e+02
1.000000000000000000e+00,1.170000000000000000e+02
1.000000000000000000e+00,9.000000000000000000e+01
1.000000000000000000e+00,1.010000000000000000e+02
1.000000000000000000e+00,1.030000000000000000e+02
1.000000000000000000e+00,1.070000000000000000e+02
1.000000000000000000e+00,1.110000000000000000e+02
1.000000000000000000e+00,1.020000000000000000e+02
1.000000000000000000e+00,1.010000000000000000e+02
1.000000000000000000e+00,1.030000000000000000e+02
1.000000000000000000e+00,1.080000000000000000e+02
1.000000000000000000e+00,9.200000000000000000e+01
1.000000000000000000e+00,9.400000000000000000e+01
1.000000000000000000e+00,1.110000000000000000e+02
1.000000000000000000e+00,1.150000000000000000e+02
1.000000000000000000e+00,1.180000000000000000e+02
1.000000000000000000e+00,1.160000000000000000e+02
1.000000000000000000e+00,1.180000000000000000e+02
1.000000000000000000e+00,1.020000000000000000e+02
1.000000000000000000e+00,1.080000000000000000e+02
-1.000000000000000000e+00,8.800000000000000000e+01
-1.000000000000000000e+00,1.010000000000000000e+02
-1.000000000000000000e+00,1.000000000000000000e+02
-1.000000000000000000e+00,9.400000000000000000e+01
-1.000000000000000000e+00,8.700000000000000000e+01
-1.000000000000000000e+00,1.040000000000000000e+02
-1.000000000000000000e+00,9.800000000000000000e+01
-1.000000000000000000e+00,7.800000000000000000e+01
-1.000000000000000000e+00,7.800000000000000000e+01
-1.000000000000000000e+00,1.100000000000000000e+02
-1.000000000000000000e+00,1.510000000000000000e+02
-1.000000000000000000e+00,1.030000000000000000e+02
-1.000000000000000000e+00,8.600000000000000000e+01
-1.000000000000000000e+00,8.700000000000000000e+01
-1.000000000000000000e+00,1.390000000000000000e+02
-1.000000000000000000e+00,1.010000000000000000e+02
-1.000000000000000000e+00,9.700000000000000000e+01
-1.000000000000000000e+00,8.600000000000000000e+01
-1.000000000000000000e+00,1.120000000000000000e+02
-1.000000000000000000e+00,1.360000000000000000e+02
-1.000000000000000000e+00,1.010000000000000000e+02
-1.000000000000000000e+00,8.600000000000000000e+01
-1.000000000000000000e+00,8.600000000000000000e+01
-1.000000000000000000e+00,7.800000000000000000e+01
-1.000000000000000000e+00,8.500000000000000000e+01
-1.000000000000000000e+00,9.400000000000000000e+01
-1.000000000000000000e+00,9.900000000000000000e+01
-1.000000000000000000e+00,9.000000000000000000e+01
-1.000000000000000000e+00,8.800000000000000000e+01
-1.000000000000000000e+00,8.400000000000000000e+01
-1.000000000000000000e+00,7.000000000000000000e+01
-1.000000000000000000e+00,8.100000000000000000e+01
-1.000000000000000000e+00,8.600000000000000000e+01
-1.000000000000000000e+00,8.000000000000000000e+01
-1.000000000000000000e+00,8.800000000000000000e+01
-1.000000000000000000e+00,9.800000000000000000e+01
-1.000000000000000000e+00,1.620000000000000000e+02
-1.000000000000000000e+00,1.340000000000000000e+02
-1.000000000000000000e+00,8.500000000000000000e+01
-1.000000000000000000e+00,8.800000000000000000e+01
-1.000000000000000000e+00,8.800000000000000000e+01
-1.000000000000000000e+00,9.700000000000000000e+01
-1.000000000000000000e+00,8.800000000000000000e+01
-1.000000000000000000e+00,9.800000000000000000e+01
-1.000000000000000000e+00,8.600000000000000000e+01
-1.000000000000000000e+00,8.500000000000000000e+01
-1.000000000000000000e+00,9.000000000000000000e+01
-1.000000000000000000e+00,8.000000000000000000e+01
-1.000000000000000000e+00,8.400000000000000000e+01
-1.000000000000000000e+00,9.200000000000000000e+01
-1.000000000000000000e+00,9.400000000000000000e+01
-1.000000000000000000e+00,1.070000000000000000e+02
-1.000000000000000000e+00,8.800000000000000000e+01
-1.000000000000000000e+00,1.030000000000000000e+02
-1.000000000000000000e+00,8.800000000000000000e+01
-1.000000000000000000e+00,8.400000000000000000e+01
-1.000000000000000000e+00,8.500000000000000000e+01
-1.000000000000000000e+00,8.600000000000000000e+01
-1.000000000000000000e+00,1.080000000000000000e+02
-1.000000000000000000e+00,8.000000000000000000e+01
-1.000000000000000000e+00,8.700000000000000000e+01
-1.000000000000000000e+00,9.600000000000000000e+01
-1.000000000000000000e+00,1.190000000000000000e+02
-1.000000000000000000e+00,1.020000000000000000e+02
-1.000000000000000000e+00,8.600000000000000000e+01
-1.000000000000000000e+00,8.200000000000000000e+01
-1.000000000000000000e+00,8.500000000000000000e+01
-1.000000000000000000e+00,8.600000000000000000e+01
-1.000000000000000000e+00,9.200000000000000000e+01
-1.000000000000000000e+00,8.800000000000000000e+01
-1.000000000000000000e+00,8.000000000000000000e+01
